0.0,  16231.007,  15523.286,  14764.244,  20000.0,  20000.0,  16239.137,  20000.0,  20000.0,  20000.0
16231.007,  0.0,  13654.131,  13912.888,  20000.0,  20000.0,  14266.028,  20000.0,  20000.0,  20000.0
15523.286,  13654.131,  0.0,  11073.264,  9438.668,  20000.0,  13700.953,  20000.0,  20000.0,  20000.0
14764.244,  13912.888,  11073.264,  0.0,  8896.07,  20000.0,  14401.662,  20000.0,  20000.0,  20000.0
20000.0,  20000.0,  9438.668,  8896.07,  0.0,  20000.0,  14573.755,  20000.0,  20000.0,  20000.0
20000.0,  20000.0,  20000.0,  20000.0,  20000.0,  0.0,  20000.0,  20000.0,  20000.0,  20000.0
16239.137,  14266.028,  13700.953,  14401.662,  14573.755,  20000.0,  0.0,  20000.0,  20000.0,  20000.0
20000.0,  20000.0,  20000.0,  20000.0,  20000.0,  20000.0,  20000.0,  0.0,  20000.0,  20000.0
20000.0,  20000.0,  20000.0,  20000.0,  20000.0,  20000.0,  20000.0,  20000.0,  0.0,  20000.0
20000.0,  20000.0,  20000.0,  20000.0,  20000.0,  20000.0,  20000.0,  20000.0,  20000.0,  0.0
